-180.000 -77.000 110.000
-180.000 90.000 11.248
-178.500 -77.500 121.000
-178.500 -53.500 64.795
-178.000 -53.000 70.828
-177.500 -54.500 51.592
-177.000 -77.500 74.000
-177.000 -54.000 72.219
-176.500 -55.000 74.127
-176.000 -59.000 112.121
-176.000 -55.500 91.798
-174.000 -74.000 53.700
-174.000 -67.500 69.000
-174.000 -65.500 12.000
-174.000 -62.000 107.756
-173.000 -69.000 47.000
-170.000 -77.500 97.000
-169.000 -79.000 54.000
-167.000 -63.000 46.222
-166.000 -64.000 46.030
-163.500 -79.500 70.000
-163.000 -84.000 88.000
-162.000 -82.500 84.000
-161.500 -79.000 50.000
-161.500 -77.500 103.000
-154.000 -84.000 105.000
-149.000 -81.500 69.000
-141.500 -61.000 93.395
-140.000 -64.000 86.147
-139.500 -66.500 68.000
-134.500 -74.500 38.000
-119.500 -80.000 75.000
-119.500 -78.000 97.000
-118.000 -76.500 97.000
-114.000 -70.500 54.400
-112.500 -73.000 10.100
-112.000 -79.500 180.000
-107.500 -68.500 97.200
-107.000 -74.500 40.650
-107.000 -74.000 53.400
-106.500 -74.000 31.000
-106.500 -73.500 29.160
-106.500 -72.500 31.900
-106.000 -74.500 14.600
-106.000 -74.000 40.050
-106.000 -72.000 55.800
-105.500 -74.500 24.900
-105.500 -74.000 41.800
-105.000 -74.500 61.820
-105.000 -74.000 66.133
-104.500 -74.500 11.000
-104.500 -66.000 60.000
-104.000 -72.500 108.100
-103.500 -75.000 17.100
-103.500 -72.000 42.450
-103.000 -74.500 66.550
-103.000 -71.500 26.100
-102.500 -75.000 60.900
-102.500 -74.500 47.000
-102.500 -71.000 30.400
-102.000 -75.000 50.450
-102.000 -74.500 111.400
-101.500 -75.000 30.800
-101.000 -75.000 38.550
-98.000 -66.000 57.000
-98.000 -63.500 50.817
-85.000 -66.000 56.000
-81.500 -67.500 82.000
-81.000 -67.500 79.000
-77.000 -67.500 83.000
-72.000 -66.000 74.000
-70.500 -64.500 84.487
-69.000 -54.000 75.554
-68.500 -63.500 108.811
-67.000 -64.500 58.007
-66.500 -64.500 70.757
-66.500 -64.000 95.431
-66.500 -63.500 123.218
-65.500 -64.500 80.151
-65.500 -64.000 103.643
-65.000 -70.500 100.000
-64.500 -65.000 65.665
-64.500 -64.500 52.200
-64.000 -66.000 80.000
-64.000 -64.500 116.992
-61.500 -63.500 128.735
-61.500 -60.500 103.012
-61.000 -70.500 100.000
-60.000 -61.500 99.347
-59.000 -62.500 116.690
-59.000 -53.500 60.437
-58.500 -62.500 131.941
-58.500 -53.500 51.037
-58.000 -64.000 56.281
-58.000 -62.500 121.863
-58.000 -62.000 147.097
-57.500 -62.000 129.622
-55.500 -60.500 78.121
-55.000 -61.500 118.328
-52.000 -62.000 84.327
-50.500 -62.500 79.108
-50.500 -62.000 84.850
-50.500 -61.500 96.149
-50.000 -62.000 83.662
-50.000 -59.000 117.293
-49.500 -61.500 76.877
-49.000 -62.000 81.627
-48.500 -62.000 104.956
-47.000 -51.000 82.561
-43.500 -62.500 67.518
-43.000 -61.500 63.763
-41.500 -62.000 74.041
-41.000 -62.000 76.148
-41.000 -55.500 93.601
-40.500 -61.500 76.624
-40.000 -61.500 78.413
-39.500 -61.500 78.596
-39.000 -60.000 122.681
-38.500 -63.000 113.342
-37.000 -64.000 121.748
-34.500 -70.000 88.000
-33.000 -66.500 64.000
-29.500 -57.000 53.073
-29.000 -57.000 87.585
-28.500 -57.000 108.741
-26.000 -70.000 84.000
-21.500 -70.500 60.000
-20.000 -63.000 43.145
-20.000 -62.000 51.318
-20.000 -61.000 89.796
-20.000 -59.500 48.627
-13.500 -60.000 44.226
-9.500 -62.500 43.935
-7.500 -65.000 45.868
-5.500 -69.500 15.000
-4.500 -56.000 136.701
-3.500 -61.000 43.603
-2.000 -55.000 76.206
-1.500 -55.000 87.645
0.000 -90.000 61.000
0.500 -55.000 150.533
1.000 -65.500 45.000
2.000 -54.500 84.773
3.000 -64.500 77.297
4.000 -54.500 61.130
5.000 -53.500 48.290
6.500 -52.500 26.128
7.500 -51.500 24.350
20.000 -29.500 57.687
21.000 -29.000 62.925
21.000 -28.000 43.542
21.500 -29.000 55.147
21.500 -20.500 46.226
22.000 -29.500 46.373
22.000 -25.500 44.334
22.000 -24.000 59.529
22.500 -30.000 50.425
23.000 -27.500 52.447
24.000 -67.000 68.000
24.000 -25.000 51.686
24.500 -24.000 40.909
24.500 -22.500 63.325
24.500 -18.500 54.093
25.000 -17.000 48.362
25.500 -25.500 39.004
25.500 -21.000 54.210
26.000 -12.500 54.906
26.000 -12.000 60.025
26.500 -28.500 54.058
26.500 -28.000 48.996
26.500 -27.500 52.342
26.500 -27.000 50.974
26.500 -26.500 45.593
26.500 -23.500 45.585
26.500 -20.500 58.354
26.500 -18.500 75.141
27.000 -28.000 52.399
27.000 -27.500 59.119
27.000 -27.000 52.956
27.000 -26.500 53.483
27.000 -26.000 43.083
27.000 -22.500 57.174
27.000 -12.000 63.512
27.000 -11.000 58.455
27.500 -66.500 43.000
27.500 -27.500 55.444
27.500 -26.500 49.694
27.500 -26.000 45.987
27.500 -26.000 51.937
27.500 -21.000 49.703
28.000 -26.000 49.036
28.000 -22.000 52.153
28.000 -16.000 56.745
28.000 -15.500 65.020
28.000 -13.000 58.820
28.000 -12.500 65.627
28.500 -29.000 63.173
28.500 -28.500 50.931
28.500 -28.000 50.319
28.500 -26.000 49.213
28.500 -15.000 57.519
28.500 -13.000 59.755
29.000 -26.500 50.059
29.000 -26.000 57.063
29.000 -20.500 47.066
29.000 -14.000 50.967
29.500 -28.500 58.532
29.500 -20.500 44.275
29.500 -20.000 47.862
30.000 -24.500 54.461
30.000 -22.000 53.115
30.000 -19.500 49.412
30.000 -18.500 49.146
30.500 -24.000 54.839
30.500 -18.000 64.347
30.500 -16.000 51.700
31.000 -26.000 48.151
31.500 -29.500 69.967
31.500 -20.500 46.988
31.500 -13.500 61.342
31.500 -12.500 66.428
32.000 -28.500 59.533
32.500 -19.000 52.582
34.000 -28.500 58.552
34.500 -13.000 79.340
34.500 -12.500 97.254
34.500 -12.000 108.872
34.500 -11.500 63.593
34.500 -11.000 36.119
34.500 -10.500 33.635
34.500 -10.000 31.360
35.000 -13.000 47.330
36.000 -30.000 43.885
37.000 -27.000 39.479
37.000 -25.500 59.133
37.500 -29.500 38.823
38.000 -23.500 62.173
39.000 -69.000 9.000
39.000 -23.500 58.668
39.500 -69.500 187.000
39.500 -69.000 50.000
39.500 -18.000 57.248
40.000 -77.500 59.000
40.000 -66.000 48.000
40.000 -61.000 84.781
40.000 -23.000 59.362
41.000 -25.500 52.169
41.000 -17.000 44.308
41.500 -24.000 45.328
41.500 -22.500 36.098
41.500 -21.500 57.366
41.500 -20.000 68.601
41.500 -10.000 29.058
42.000 -23.000 61.001
42.000 -20.000 42.456
42.000 -15.500 32.388
43.000 -66.000 46.000
43.000 -14.500 62.128
44.000 -13.500 61.766
44.000 -10.000 70.973
46.500 -30.000 36.752
47.500 -28.000 65.701
49.000 -27.000 63.055
50.000 -25.000 93.875
50.500 -26.500 58.574
51.500 -28.000 75.898
51.500 -26.500 69.461
51.500 -24.000 64.424
51.500 -21.500 59.542
51.500 -20.000 48.475
52.000 -56.000 26.522
54.000 -52.500 52.603
60.500 -51.000 46.966
61.500 -50.000 68.608
62.500 -53.000 56.318
64.500 -63.500 56.022
65.000 -60.000 57.217
67.500 -62.500 64.714
70.000 -66.000 45.000
72.000 -55.000 60.103
72.500 -68.000 82.000
73.000 -67.500 94.000
73.000 -66.000 66.000
73.000 -50.000 66.303
74.500 -62.000 54.343
75.000 -69.000 111.000
75.000 -65.000 67.000
75.000 -64.000 47.032
75.000 -62.500 58.330
75.000 18.000 36.789
75.500 8.500 61.040
75.500 15.000 38.102
75.500 19.000 43.400
75.500 19.500 48.689
76.500 6.000 54.004
76.500 7.000 50.961
76.500 13.500 37.741
76.500 14.500 42.025
76.500 18.000 44.343
76.500 20.000 54.316
77.000 -55.000 65.844
77.000 -53.500 63.779
77.000 14.500 36.314
77.000 15.500 39.285
77.000 16.000 48.526
77.500 5.000 53.238
77.500 10.000 37.834
77.500 10.500 60.586
77.500 11.000 55.496
77.500 12.500 32.552
77.500 13.000 46.651
77.500 13.500 40.575
77.500 14.500 45.283
77.500 15.000 41.044
77.500 15.500 47.343
77.500 16.000 30.044
77.500 20.500 47.422
78.000 -69.000 40.000
78.000 9.500 42.002
78.000 11.500 45.701
78.000 13.000 42.931
78.000 13.500 48.178
78.000 14.500 39.708
78.000 15.500 48.046
78.000 20.500 44.119
78.500 -68.500 31.000
78.500 7.000 60.664
78.500 11.500 45.816
78.500 12.500 39.959
78.500 13.000 47.225
78.500 14.500 42.726
78.500 15.500 66.598
78.500 17.500 46.798
78.500 20.500 33.460
78.500 20.500 56.346
78.500 21.000 68.363
78.500 22.000 56.514
79.000 -66.000 56.000
79.000 -64.000 82.433
79.000 -58.500 60.070
79.000 7.500 60.609
79.000 22.000 69.741
79.000 22.500 54.833
79.500 19.000 48.786
79.500 19.500 51.056
79.500 20.000 47.382
79.500 20.500 48.481
80.000 16.000 45.032
80.000 18.500 54.961
80.000 21.000 42.423
80.500 -61.500 62.580
80.500 -61.000 108.906
80.500 12.500 47.939
80.500 17.500 46.275
80.500 18.500 67.641
81.000 -63.000 65.775
81.000 17.000 58.736
81.000 20.500 59.613
81.000 22.000 55.299
81.500 17.000 60.842
82.000 9.500 54.946
82.000 17.000 47.135
82.000 23.000 60.645
82.000 23.500 73.376
82.500 7.000 53.972
82.500 23.500 81.754
83.000 22.500 52.937
83.500 14.500 56.949
85.500 16.500 56.324
85.500 24.000 70.001
86.000 -59.500 62.826
86.000 23.500 71.962
86.000 24.000 63.738
86.500 22.500 55.494
86.500 23.500 67.536
86.500 24.000 71.109
87.000 23.500 73.204
87.500 23.500 72.409
103.500 -63.500 56.860
104.000 -61.000 63.249
105.500 -64.000 72.148
107.000 -78.500 53.000
108.000 -62.500 69.841
110.000 -64.500 53.680
110.000 -25.500 87.403
110.000 -19.500 59.809
110.500 -16.000 57.028
110.500 -13.500 85.390
111.000 -36.500 59.627
111.000 -29.500 58.782
111.500 -35.000 68.911
111.500 -30.000 58.367
112.000 -15.500 41.570
112.500 -63.500 54.503
112.500 -32.000 65.867
112.500 -20.500 78.877
112.500 -20.000 78.997
112.500 -15.500 72.766
112.500 -10.500 55.775
113.000 -67.000 75.000
113.000 -33.500 76.078
113.000 -27.000 68.986
113.000 -20.500 55.503
113.000 -20.500 59.332
113.000 -19.000 44.933
113.000 -18.000 70.793
113.500 -45.500 26.649
113.500 -28.500 57.308
113.500 -27.500 57.216
113.500 -27.000 63.829
113.500 -24.500 68.172
113.500 -20.000 50.506
114.000 -32.000 51.653
114.000 -29.000 76.253
114.000 -22.500 71.298
114.000 -22.000 56.822
114.000 -21.000 62.745
114.000 -19.500 56.106
114.000 -10.000 60.061
114.500 -41.500 32.274
114.500 -31.500 50.347
114.500 -29.000 59.338
114.500 -26.500 70.734
114.500 -26.000 59.413
114.500 -24.000 73.094
114.500 -23.000 74.160
114.500 -22.000 61.746
114.500 -21.500 60.290
114.500 -20.500 55.502
114.500 -15.000 42.048
114.500 -10.500 50.081
115.000 -32.500 59.219
115.000 -32.000 66.655
115.000 -30.000 60.505
115.000 -29.500 88.350
115.000 -29.000 86.034
115.000 -25.000 64.465
115.000 -21.500 53.567
115.000 -21.000 62.972
115.000 -20.500 61.746
115.000 -20.500 54.584
115.000 -20.000 76.508
115.000 -14.500 53.397
115.500 -34.000 61.489
115.500 -33.500 61.090
115.500 -32.500 56.875
115.500 -32.000 55.832
115.500 -32.000 65.785
115.500 -31.500 57.625
115.500 -31.000 81.159
115.500 -30.500 67.072
115.500 -30.000 80.088
115.500 -29.500 78.027
115.500 -29.000 82.389
115.500 -24.000 70.133
115.500 -21.000 58.499
115.500 -20.500 58.900
115.500 -20.500 62.633
115.500 -20.000 62.365
115.500 -17.500 57.685
115.500 -17.000 40.661
115.500 -16.500 58.421
115.500 -14.000 52.137
115.500 -13.000 37.368
115.500 -12.000 41.353
115.500 -10.000 33.750
116.000 -63.500 54.331
116.000 -63.000 51.715
116.000 -33.000 62.562
116.000 -32.500 64.313
116.000 -32.000 67.562
116.000 -31.500 72.065
116.000 -31.000 58.803
116.000 -30.500 74.620
116.000 -30.000 80.429
116.000 -26.000 65.760
116.000 -21.000 79.607
116.000 -20.500 61.012
116.000 -20.000 62.457
116.000 -19.500 69.942
116.000 -11.500 46.003
116.500 -37.500 73.634
116.500 -20.500 59.175
116.500 -20.000 60.279
116.500 -19.500 62.904
116.500 -19.000 47.514
116.500 -14.500 42.930
116.500 -13.500 47.091
117.000 -43.000 56.171
117.000 -32.000 51.888
117.000 -27.500 65.222
117.000 -21.500 56.624
117.000 -20.000 58.585
117.000 -19.500 66.173
117.000 -18.500 58.426
117.000 -16.500 76.224
117.500 -32.000 58.158
117.500 -19.500 70.083
117.500 -14.000 49.745
118.000 -36.500 54.537
118.000 -36.000 91.114
118.000 -32.000 61.966
118.000 -28.000 65.383
118.000 -27.500 50.638
118.000 -22.500 40.042
118.000 -19.000 61.413
118.000 -17.500 74.039
118.000 -14.500 74.066
118.500 -64.000 56.839
118.500 -43.500 48.126
118.500 -25.000 83.383
118.500 -22.500 49.372
118.500 -19.000 59.759
118.500 -13.500 46.098
118.500 -12.500 71.897
119.000 -37.500 64.524
119.000 -36.000 86.464
119.000 -26.000 64.285
119.000 -18.500 55.777
119.500 -31.500 58.171
119.500 -15.000 69.485
120.000 -54.500 20.574
120.000 -45.500 17.873
120.000 -45.000 10.350
120.000 -44.000 58.033
120.000 -39.000 42.850
120.000 -37.000 106.387
120.000 -33.500 63.304
120.000 -32.500 52.127
120.000 -32.000 53.253
120.000 -23.500 61.809
120.500 -44.000 53.309
120.500 -31.500 61.812
120.500 -27.500 59.997
120.500 -20.000 66.310
120.500 -14.500 57.311
120.500 -11.500 58.806
121.000 -37.000 94.944
121.000 -28.000 40.769
121.000 -20.500 56.319
121.000 -15.000 58.492
121.500 -45.500 54.938
121.500 -37.500 80.715
121.500 -32.000 55.032
121.500 -31.500 44.453
121.500 -31.000 48.468
121.500 -29.000 46.171
121.500 -23.500 76.947
121.500 -19.500 67.369
121.500 -15.000 70.096
122.000 -36.500 62.731
122.000 -32.000 54.261
122.000 -31.500 35.513
122.000 -31.000 46.837
122.000 -20.000 73.753
122.000 -19.500 65.061
122.000 -18.500 74.095
122.000 -18.000 56.039
122.000 -14.500 58.050
122.000 -14.000 62.715
122.500 -43.500 30.005
122.500 -35.500 99.466
122.500 -28.500 59.202
122.500 -20.000 66.529
122.500 -19.500 80.858
122.500 -18.500 68.725
122.500 -18.000 64.963
122.500 -17.000 64.956
122.500 -16.500 64.885
122.500 -14.500 61.826
122.500 -13.500 64.951
122.500 -11.000 101.135
123.000 -54.500 27.678
123.000 -32.000 55.030
123.000 -24.500 64.067
123.000 -21.500 63.606
123.000 -21.000 64.121
123.000 -19.500 61.066
123.000 -18.500 73.563
123.000 -18.000 61.591
123.000 -17.000 61.267
123.000 -16.500 63.654
123.500 -45.500 24.236
123.500 -37.000 62.131
123.500 -21.000 57.011
123.500 -20.500 59.423
123.500 -18.500 88.882
123.500 -18.000 69.151
123.500 -17.000 65.275
123.500 -15.500 48.761
123.500 -14.500 72.143
123.500 -14.500 59.675
123.500 -14.000 49.781
123.500 -13.500 54.797
123.500 -11.500 52.502
124.000 -43.500 34.742
124.000 -20.500 62.474
124.000 -19.500 77.174
124.000 -19.000 68.038
124.000 -18.500 71.754
124.000 -17.500 61.600
124.000 -17.000 67.478
124.000 -14.000 58.139
124.000 -13.500 53.602
124.000 -13.000 57.401
124.000 -12.500 53.419
124.500 -37.000 59.833
124.500 -25.000 73.607
124.500 -24.000 60.927
124.500 -18.500 67.714
124.500 -18.000 70.285
124.500 -17.500 64.190
124.500 -17.000 71.570
124.500 -13.000 84.325
124.500 -12.500 60.926
124.500 -12.000 58.959
124.500 -11.500 58.198
125.000 -22.500 75.015
125.000 -20.000 81.913
125.000 -19.500 60.867
125.000 -18.500 57.434
125.000 -18.000 66.910
125.000 -13.000 55.096
125.000 -12.500 61.481
125.000 -11.500 61.827
125.500 -74.000 50.000
125.500 -54.500 36.418
125.500 -45.000 24.934
125.500 -27.000 57.364
125.500 -20.000 77.464
125.500 -19.500 68.383
125.500 -19.000 90.092
125.500 -12.500 73.216
125.500 -11.000 51.517
126.000 -45.000 28.926
126.000 -26.500 67.214
126.000 -26.000 63.162
126.000 -26.000 48.323
126.000 -23.500 58.051
126.000 -19.000 63.729
126.000 -18.500 75.201
126.000 -18.000 74.020
126.000 -10.500 51.928
126.500 -43.500 44.058
126.500 -37.000 62.930
126.500 -35.000 112.709
126.500 -27.000 61.202
126.500 -20.500 65.049
126.500 -13.000 61.458
126.500 -12.000 56.063
126.500 -11.000 64.605
127.000 -36.000 54.815
127.000 -20.000 64.349
127.000 -19.500 67.721
127.000 -13.000 61.213
127.000 -11.000 70.705
127.000 -10.500 57.284
127.500 -37.000 59.833
127.500 -35.000 56.756
127.500 -22.500 59.612
127.500 -20.500 64.750
127.500 -20.000 66.281
127.500 -10.500 54.309
128.000 -65.000 44.719
128.000 -64.000 54.899
128.000 -43.500 48.189
128.000 -33.500 49.308
128.000 -21.500 66.677
128.000 -21.000 71.315
128.000 -19.500 50.877
128.000 -18.500 52.573
128.000 -13.000 54.787
128.500 -34.500 74.012
128.500 -26.500 71.230
128.500 -14.500 69.705
128.500 -14.000 62.109
128.500 -13.500 54.812
128.500 -13.000 59.355
128.500 -12.000 69.999
129.000 -37.000 74.143
129.000 -31.500 54.691
129.000 -31.000 56.685
129.000 -20.000 48.373
129.000 -15.500 93.798
129.000 -15.000 73.892
129.000 -14.500 61.974
129.000 -14.500 56.778
129.500 -31.500 56.845
129.500 -26.000 60.378
129.500 -15.000 93.897
129.500 -14.500 57.211
129.500 -14.500 82.981
129.500 -10.000 57.575
130.000 -51.000 45.771
130.000 -46.000 28.711
130.000 -31.500 56.255
130.000 -31.000 67.186
130.000 -20.000 52.946
130.000 -14.500 102.910
130.500 -64.500 65.769
130.500 -63.500 65.546
131.000 -33.500 61.161
131.000 -32.000 70.031
131.000 -13.000 76.251
131.500 -37.000 53.807
131.500 -13.500 72.817
131.500 -13.000 69.691
132.000 -56.000 19.169
132.000 -30.500 60.033
132.000 -29.000 69.222
132.000 -28.500 75.297
132.000 -22.500 52.922
132.500 -49.500 61.360
132.500 -28.500 65.850
132.500 -28.000 70.582
132.500 -14.500 80.049
132.500 -10.000 86.467
133.000 -45.000 35.872
133.000 -15.000 90.459
133.000 -12.000 83.970
133.500 -65.000 88.000
133.500 -27.000 72.571
133.500 -20.000 85.833
133.500 -10.500 55.615
134.000 -56.000 25.402
134.000 -44.000 50.774
134.000 -37.500 79.137
134.000 -33.500 54.533
134.000 -28.500 71.571
134.000 -27.500 83.397
134.000 -27.000 75.536
134.000 -24.000 59.062
134.000 -20.500 84.685
134.000 -20.000 78.596
134.000 -19.500 99.687
134.000 -17.500 68.109
134.000 -16.500 60.765
134.000 -16.000 80.565
134.000 -15.000 83.056
134.000 -14.500 87.405
134.000 -14.500 95.056
134.000 -10.500 52.592
134.500 -43.500 52.874
134.500 -31.000 65.456
134.500 -28.000 84.500
134.500 -27.500 85.528
134.500 -20.000 81.708
134.500 -16.000 73.040
134.500 -14.500 85.787
135.000 -35.500 55.009
135.000 -15.000 78.989
135.500 -38.000 92.879
135.500 -33.000 61.779
135.500 -29.500 75.720
135.500 -22.000 108.232
135.500 -19.500 80.091
135.500 -16.000 67.616
136.000 -36.000 71.596
136.000 -22.500 73.164
136.000 -22.000 112.589
136.000 -16.500 67.164
136.500 -62.500 57.444
136.500 -21.500 88.501
136.500 -18.500 82.744
136.500 -16.500 73.000
137.000 -62.500 46.323
137.000 -31.000 91.735
137.000 -30.500 96.128
137.000 -30.000 75.178
137.000 -23.000 71.698
137.000 -22.500 85.767
137.500 -33.000 79.443
137.500 -32.500 87.953
137.500 -32.000 74.942
137.500 -31.500 78.765
137.500 -31.000 82.255
137.500 -30.500 93.079
138.000 -34.500 87.170
138.000 -34.000 76.713
138.000 -32.500 74.357
138.000 -32.000 83.753
138.000 -32.000 64.984
138.000 -22.500 91.937
138.000 -21.500 66.181
138.000 -20.500 61.137
138.000 -20.000 68.058
138.500 -34.500 75.431
138.500 -34.000 78.729
138.500 -33.500 75.743
138.500 -32.500 78.483
138.500 -32.000 87.184
138.500 -31.500 85.568
138.500 -31.000 75.437
138.500 -30.500 84.064
138.500 -23.000 79.813
139.000 -35.000 80.906
139.000 -34.500 80.989
139.000 -23.500 60.492
139.000 -22.500 65.763
139.000 -21.000 83.516
139.500 -37.500 61.345
139.500 -35.500 73.070
139.500 -35.000 80.027
139.500 -34.500 73.358
139.500 -33.000 71.006
139.500 -30.500 85.515
139.500 -20.500 80.075
140.000 -37.500 53.083
140.000 -37.500 67.148
140.000 -36.000 65.635
140.000 -35.500 74.277
140.000 -34.500 75.761
140.000 -32.000 75.512
140.000 -31.500 85.091
140.000 -30.500 90.879
140.000 -30.000 93.984
140.000 -28.000 103.315
140.000 -27.500 90.780
140.000 -20.500 76.685
140.500 -37.500 69.448
140.500 -37.500 73.779
140.500 -37.000 72.413
140.500 -36.500 61.109
140.500 -34.500 77.263
140.500 -32.500 66.060
140.500 -29.000 95.181
140.500 -28.500 93.302
140.500 -28.000 100.057
140.500 -27.500 84.909
140.500 -21.500 63.828
140.500 -20.500 78.010
141.000 -38.000 52.582
141.000 -37.500 68.379
141.000 -37.500 74.018
141.000 -36.500 76.277
141.000 -36.000 61.270
141.000 -35.500 78.202
141.000 -33.500 69.793
141.000 -32.000 73.146
141.000 -28.500 86.782
141.000 -28.000 85.793
141.000 -27.500 81.668
141.000 -18.500 65.110
141.500 -38.500 48.065
141.500 -38.000 66.798
141.500 -35.500 80.382
141.500 -34.000 58.077
141.500 -33.000 69.956
141.500 -32.000 78.281
141.500 -27.500 90.436
141.500 -26.000 87.859
141.500 -20.000 80.240
142.000 -38.000 69.376
142.000 -37.500 56.093
142.000 -37.000 82.078
142.000 -33.000 79.362
142.000 -31.500 63.149
142.000 -31.000 66.655
142.000 -28.000 93.493
142.000 -27.500 91.441
142.000 -27.000 90.448
142.000 -25.500 83.649
142.000 -13.000 107.764
142.500 -38.000 75.771
142.500 -36.500 99.949
142.500 -32.000 60.317
142.500 -31.500 59.079
142.500 -27.500 48.678
142.500 -26.500 100.994
142.500 -13.000 94.831
143.000 -39.000 64.730
143.000 -38.500 62.837
143.000 -38.000 68.561
143.000 -37.000 79.931
143.000 -34.500 95.649
143.000 -32.000 63.056
143.500 -39.000 74.938
143.500 -38.500 73.113
143.500 -38.000 72.754
143.500 -34.500 77.763
143.500 -32.000 66.882
143.500 -31.500 79.089
143.500 -28.500 96.959
143.500 -28.000 106.854
143.500 -25.500 93.272
143.500 -18.000 60.532
143.500 -16.500 74.299
144.000 -38.500 57.948
144.000 -38.000 74.977
144.000 -32.000 86.548
144.000 -32.000 89.980
144.000 -26.500 87.625
144.500 -38.000 72.109
144.500 -37.000 87.459
144.500 -35.000 53.963
144.500 -32.500 82.456
145.000 -65.000 57.848
145.000 -43.000 62.438
145.000 -42.500 53.812
145.000 -39.500 63.951
145.000 -38.000 73.358
145.000 -37.500 75.095
145.000 -33.000 63.583
145.500 -41.000 71.059
145.500 -39.500 65.320
145.500 -38.000 64.249
145.500 -34.500 62.766
145.500 -26.000 65.658
145.500 -20.500 75.747
145.500 -17.500 72.168
146.000 -43.000 65.151
146.000 -42.000 79.642
146.000 -40.500 62.295
146.000 -40.000 56.492
146.000 -38.500 60.479
146.000 -38.000 68.888
146.000 -36.000 63.017
146.000 -35.500 61.442
146.000 -35.000 73.177
146.000 -31.500 81.712
146.000 -23.500 74.277
146.000 -21.000 54.632
146.000 -20.500 79.780
146.000 -14.500 50.822
146.000 -14.000 62.022
146.000 -13.500 72.149
146.500 -40.000 74.153
146.500 -38.000 76.686
146.500 -32.000 70.078
146.500 -16.500 64.128
146.500 -16.000 50.364
146.500 -15.500 57.237
146.500 -15.000 64.770
146.500 -14.500 53.108
146.500 -13.000 59.136
147.000 -42.000 79.233
147.000 -41.500 67.377
147.000 -41.000 75.292
147.000 -40.000 60.539
147.000 -38.500 69.194
147.000 -38.000 70.362
147.000 -37.500 69.589
147.000 -34.500 91.427
147.000 -31.500 59.149
147.000 -16.500 48.578
147.000 -16.000 54.920
147.000 -15.000 72.668
147.000 -14.500 71.597
147.000 -13.500 66.669
147.500 -43.000 78.791
147.500 -42.500 76.550
147.500 -42.000 79.246
147.500 -41.500 66.531
147.500 -41.000 69.473
147.500 -40.500 56.123
147.500 -38.500 67.385
147.500 -38.000 69.177
147.500 -34.000 58.464
147.500 -33.500 56.204
147.500 -17.500 61.401
147.500 -17.000 62.389
148.000 -43.000 71.743
148.000 -42.500 80.778
148.000 -42.000 84.469
148.000 -41.500 82.949
148.000 -38.500 64.855
148.000 -38.000 70.897
148.000 -37.500 71.986
148.000 -37.000 46.885
148.000 -32.000 60.457
148.000 -28.000 97.878
148.000 -20.500 55.730
148.000 -14.500 60.476
148.500 -42.500 82.941
148.500 -42.000 76.422
148.500 -41.500 93.097
148.500 -38.500 64.173
148.500 -38.000 63.385
148.500 -36.500 84.122
148.500 -36.000 70.186
148.500 -22.000 82.530
148.500 -15.000 68.159
148.500 -12.000 62.374
149.000 -38.500 58.626
149.000 -38.000 64.162
149.000 -36.500 74.436
149.000 -35.000 73.172
149.000 -28.000 97.470
149.000 -27.500 85.008
149.000 -22.500 63.581
149.000 -15.500 59.151
149.000 -14.500 71.810
149.500 -37.500 77.938
149.500 -35.500 75.790
149.500 -35.000 74.251
149.500 -29.000 90.259
149.500 -28.500 95.204
149.500 -28.000 91.540
149.500 -27.500 84.875
149.500 -27.000 87.893
149.500 -26.500 83.977
149.500 -14.000 95.028
150.000 -35.500 56.358
150.000 -35.000 79.496
150.000 -33.500 79.283
150.000 -27.500 76.846
150.000 -24.000 60.574
150.000 -20.500 86.456
150.000 -13.500 67.933
150.500 -36.500 63.463
150.500 -36.000 61.805
150.500 -27.500 59.239
150.500 -26.000 59.130
150.500 -26.000 55.931
150.500 -25.500 57.695
150.500 -23.500 68.326
150.500 -13.000 59.095
150.500 -11.500 39.513
151.000 -34.500 86.890
151.000 -34.000 81.951
151.000 -32.000 60.719
151.000 -30.000 86.488
151.000 -23.500 69.804
151.000 -12.500 57.988
151.000 -11.000 77.272
151.500 -34.000 83.316
151.500 -27.500 62.453
152.000 -26.000 73.431
152.000 -26.000 84.379
152.000 -14.000 57.254
152.500 -39.000 66.070
152.500 -26.500 63.718
152.500 -26.000 70.898
152.500 -16.000 80.245
153.000 -33.500 53.297
153.000 -28.500 88.958
153.000 -28.000 95.163
153.000 -27.500 62.600
153.000 -26.000 56.760
153.000 -17.500 54.890
153.000 -14.000 79.768
153.500 -29.500 69.975
154.000 -32.000 53.229
154.000 -15.500 86.099
154.000 -14.000 64.335
154.000 -12.500 69.795
154.500 -32.000 57.006
154.500 -14.500 49.817
155.000 -31.500 54.686
155.000 -15.500 57.732
155.500 -32.000 48.693
156.000 -27.000 43.809
156.000 -14.500 53.697
156.500 -31.500 52.084
157.000 -32.000 59.472
157.000 -31.500 66.502
158.000 -41.000 58.215
158.000 -26.000 66.222
158.000 -14.500 69.154
158.000 -13.500 58.893
158.500 -32.000 51.254
158.500 -11.500 56.604
159.000 -76.000 27.000
159.000 -27.500 44.666
159.000 -12.500 44.415
159.500 -33.000 66.326
159.500 -28.500 37.597
161.000 -75.500 25.000
161.500 -77.500 142.000
161.500 -75.500 50.000
162.000 -77.500 86.000
163.000 -78.000 100.000
163.500 -78.000 111.000
164.000 -77.000 55.000
164.500 -78.000 70.000
164.500 -77.500 73.000
164.500 -77.000 80.000
165.000 -76.000 93.900
165.500 -78.000 81.500
165.500 -76.000 96.333
165.500 -75.000 51.000
166.000 -75.000 123.000
167.000 -78.000 116.494
167.000 -77.000 117.000
167.500 -78.000 115.000
168.000 -76.000 135.000
168.000 -74.500 143.000
168.500 -74.500 73.300
169.000 -58.000 61.746
170.000 -64.500 105.744
170.000 -64.000 108.909
170.000 -63.000 103.240
170.500 -62.500 93.671
170.500 -61.500 74.879
170.500 -61.000 84.143
170.500 -61.000 61.182
177.000 -77.500 73.000
178.500 -77.500 111.000
178.500 -63.000 52.180
179.000 -77.500 117.000
179.500 -77.500 119.000
180.000 -77.000 114.000
180.000 -51.000 68.338
180.000 90.000 18.202
