-180.000 -77.000 110.000
-180.000 90.000 1.000
-178.500 -77.500 121.000
-178.500 -53.500 67.000
-178.000 -53.000 75.000
-177.500 -54.500 48.000
-177.000 -77.500 74.000
-177.000 -54.000 74.000
-176.500 -55.000 69.000
-176.000 -59.000 176.000
-176.000 -55.500 60.000
-174.000 -74.000 53.700
-174.000 -67.500 69.000
-174.000 -65.500 12.000
-174.000 -62.000 69.000
-173.000 -69.000 47.000
-170.000 -77.500 97.000
-169.000 -79.000 54.000
-167.000 -63.000 43.000
-166.000 -64.000 49.000
-163.500 -79.500 70.000
-163.000 -84.000 88.000
-162.000 -82.500 84.000
-161.500 -79.000 50.000
-161.500 -77.500 103.000
-154.000 -84.000 105.000
-149.000 -81.500 69.000
-141.500 -61.000 116.000
-140.000 -64.000 67.000
-139.500 -66.500 68.000
-134.500 -74.500 38.000
-119.500 -80.000 75.000
-119.500 -78.000 97.000
-118.000 -76.500 97.000
-114.000 -70.500 54.400
-112.500 -73.000 10.100
-112.000 -79.500 180.000
-107.500 -68.500 97.200
-107.000 -74.500 40.650
-107.000 -74.000 53.400
-106.500 -74.000 31.000
-106.500 -73.500 29.160
-106.500 -72.500 31.900
-106.000 -74.500 14.600
-106.000 -74.000 40.050
-106.000 -72.000 55.800
-105.500 -74.500 24.900
-105.500 -74.000 41.800
-105.000 -74.500 61.820
-105.000 -74.000 66.133
-104.500 -74.500 11.000
-104.500 -66.000 60.000
-104.000 -72.500 108.100
-103.500 -75.000 17.100
-103.500 -72.000 42.450
-103.000 -74.500 66.550
-103.000 -71.500 26.100
-102.500 -75.000 60.900
-102.500 -74.500 47.000
-102.500 -71.000 30.400
-102.000 -75.000 50.450
-102.000 -74.500 111.400
-101.500 -75.000 30.800
-101.000 -75.000 38.550
-98.000 -66.000 57.000
-98.000 -63.500 55.000
-85.000 -66.000 56.000
-81.500 -67.500 82.000
-81.000 -67.500 79.000
-77.000 -67.500 83.000
-72.000 -66.000 74.000
-70.500 -64.500 94.000
-69.000 -54.000 96.000
-68.500 -63.500 111.333
-67.000 -64.500 55.667
-66.500 -64.500 78.000
-66.500 -64.000 62.000
-66.500 -63.500 127.375
-65.500 -64.500 79.000
-65.500 -64.000 107.000
-65.000 -70.500 100.000
-64.500 -65.000 45.000
-64.500 -64.500 73.000
-64.000 -66.000 80.000
-64.000 -64.500 133.000
-61.500 -63.500 135.000
-61.500 -60.500 111.000
-61.000 -70.500 100.000
-60.000 -61.500 64.000
-59.000 -62.500 172.000
-59.000 -53.500 49.000
-58.500 -62.500 141.000
-58.500 -53.500 41.000
-58.000 -64.000 50.000
-58.000 -62.500 146.333
-58.000 -62.000 147.286
-57.500 -62.000 128.700
-55.500 -60.500 101.000
-55.000 -61.500 107.000
-52.000 -62.000 82.000
-50.500 -62.500 77.000
-50.500 -62.000 96.000
-50.500 -61.500 64.000
-50.000 -62.000 83.000
-50.000 -59.000 161.000
-49.500 -61.500 76.000
-49.000 -62.000 75.000
-48.500 -62.000 74.000
-47.000 -51.000 62.000
-43.500 -62.500 63.650
-43.000 -61.500 63.000
-41.500 -62.000 73.714
-41.000 -62.000 76.000
-41.000 -55.500 81.000
-40.500 -61.500 74.250
-40.000 -61.500 78.500
-39.500 -61.500 78.000
-39.000 -60.000 103.000
-38.500 -63.000 105.000
-37.000 -64.000 175.000
-34.500 -70.000 88.000
-33.000 -66.500 64.000
-29.500 -57.000 23.000
-29.000 -57.000 91.400
-28.500 -57.000 116.833
-26.000 -70.000 84.000
-21.500 -70.500 60.000
-20.000 -63.000 45.500
-20.000 -62.000 24.000
-20.000 -61.000 84.000
-20.000 -59.500 64.000
-13.500 -60.000 30.000
-9.500 -62.500 27.000
-7.500 -65.000 41.000
-5.500 -69.500 15.000
-4.500 -56.000 194.000
-3.500 -61.000 49.000
-2.000 -55.000 74.000
-1.500 -55.000 17.000
0.000 -90.000 61.000
0.500 -55.000 169.000
1.000 -65.500 45.000
2.000 -54.500 66.500
3.000 -64.500 114.000
4.000 -54.500 70.000
5.000 -53.500 6.000
6.500 -52.500 24.000
7.500 -51.500 17.000
20.000 -29.500 60.000
21.000 -29.000 78.000
21.000 -28.000 52.000
21.500 -29.000 39.000
21.500 -20.500 60.000
22.000 -29.500 56.500
22.000 -25.500 25.000
22.000 -24.000 76.000
22.500 -30.000 42.000
23.000 -27.500 52.567
24.000 -67.000 68.000
24.000 -25.000 45.000
24.500 -24.000 35.000
24.500 -22.500 49.000
24.500 -18.500 56.000
25.000 -17.000 67.000
25.500 -25.500 30.000
25.500 -21.000 60.000
26.000 -12.500 57.333
26.000 -12.000 54.000
26.500 -28.500 58.150
26.500 -28.000 50.333
26.500 -27.500 50.556
26.500 -27.000 42.667
26.500 -26.500 34.552
26.500 -23.500 42.000
26.500 -20.500 65.000
26.500 -18.500 110.000
27.000 -28.000 51.105
27.000 -27.500 55.000
27.000 -27.000 52.000
27.000 -26.500 54.348
27.000 -26.000 33.000
27.000 -22.500 52.000
27.000 -12.000 69.000
27.000 -11.000 53.667
27.500 -66.500 43.000
27.500 -27.500 45.600
27.500 -26.500 53.555
27.500 -26.000 40.469
27.500 -26.000 46.450
27.500 -21.000 37.000
28.000 -26.000 42.667
28.000 -22.000 53.000
28.000 -16.000 64.000
28.000 -15.500 71.000
28.000 -13.000 69.500
28.000 -12.500 66.500
28.500 -29.000 72.600
28.500 -28.500 46.250
28.500 -28.000 53.974
28.500 -26.000 42.956
28.500 -15.000 66.250
28.500 -13.000 70.600
29.000 -26.500 49.667
29.000 -26.000 57.143
29.000 -20.500 32.000
29.000 -14.000 61.000
29.500 -28.500 68.600
29.500 -20.500 44.000
29.500 -20.000 40.000
30.000 -24.500 46.900
30.000 -22.000 58.158
30.000 -19.500 56.000
30.000 -18.500 34.000
30.500 -24.000 55.050
30.500 -18.000 38.000
30.500 -16.000 44.000
31.000 -26.000 49.400
31.500 -29.500 67.000
31.500 -20.500 49.000
31.500 -13.500 73.000
31.500 -12.500 77.000
32.000 -28.500 66.533
32.500 -19.000 62.000
34.000 -28.500 54.400
34.500 -13.000 46.400
34.500 -12.500 121.400
34.500 -12.000 120.600
34.500 -11.500 35.750
34.500 -11.000 34.000
34.500 -10.500 23.400
34.500 -10.000 30.950
35.000 -13.000 40.100
36.000 -30.000 41.900
37.000 -27.000 38.500
37.000 -25.500 55.300
37.500 -29.500 43.100
38.000 -23.500 67.000
39.000 -69.000 9.000
39.000 -23.500 60.300
39.500 -69.500 187.000
39.500 -69.000 50.000
39.500 -18.000 46.900
40.000 -77.500 59.000
40.000 -66.000 48.000
40.000 -61.000 53.000
40.000 -23.000 64.500
41.000 -25.500 49.400
41.000 -17.000 30.200
41.500 -24.000 38.900
41.500 -22.500 58.600
41.500 -21.500 62.400
41.500 -20.000 36.400
41.500 -10.000 24.700
42.000 -23.000 58.600
42.000 -20.000 30.100
42.000 -15.500 29.300
43.000 -66.000 46.000
43.000 -14.500 55.700
44.000 -13.500 57.400
44.000 -10.000 61.700
46.500 -30.000 10.000
47.500 -28.000 58.600
49.000 -27.000 68.700
50.000 -25.000 169.000
50.500 -26.500 75.800
51.500 -28.000 100.000
51.500 -26.500 66.500
51.500 -24.000 69.900
51.500 -21.500 61.100
51.500 -20.000 70.800
52.000 -56.000 14.000
54.000 -52.500 65.000
60.500 -51.000 49.000
61.500 -50.000 81.000
62.500 -53.000 60.000
64.500 -63.500 54.000
65.000 -60.000 68.000
67.500 -62.500 41.000
70.000 -66.000 45.000
72.000 -55.000 64.000
72.500 -68.000 82.000
73.000 -67.500 94.000
73.000 -66.000 66.000
73.000 -50.000 78.000
74.500 -62.000 46.000
75.000 -69.000 111.000
75.000 -65.000 67.000
75.000 -64.000 57.000
75.000 -62.500 52.000
75.000 18.000 42.000
75.500 8.500 66.200
75.500 15.000 28.500
75.500 19.000 40.000
75.500 19.500 37.000
76.500 6.000 53.200
76.500 7.000 45.600
76.500 13.500 30.515
76.500 14.500 35.333
76.500 18.000 38.571
76.500 20.000 47.000
77.000 -55.000 61.000
77.000 -53.500 55.000
77.000 14.500 36.000
77.000 15.500 38.000
77.000 16.000 42.000
77.500 5.000 56.500
77.500 10.000 40.000
77.500 10.500 54.810
77.500 11.000 28.000
77.500 12.500 15.667
77.500 13.000 30.333
77.500 13.500 30.500
77.500 14.500 39.375
77.500 15.000 40.600
77.500 15.500 49.000
77.500 16.000 30.000
77.500 20.500 49.000
78.000 -69.000 40.000
78.000 9.500 45.000
78.000 11.500 38.500
78.000 13.000 27.750
78.000 13.500 32.333
78.000 14.500 36.400
78.000 15.500 40.000
78.000 20.500 55.400
78.500 -68.500 31.000
78.500 7.000 62.800
78.500 11.500 39.000
78.500 12.500 32.000
78.500 13.000 42.874
78.500 14.500 38.889
78.500 15.500 60.000
78.500 17.500 39.200
78.500 20.500 39.000
78.500 20.500 48.000
78.500 21.000 69.000
78.500 22.000 61.086
79.000 -66.000 56.000
79.000 -64.000 64.000
79.000 -58.500 90.000
79.000 7.500 49.400
79.000 22.000 100.667
79.000 22.500 49.371
79.500 19.000 50.500
79.500 19.500 44.560
79.500 20.000 51.000
79.500 20.500 52.000
80.000 16.000 50.347
80.000 18.500 51.200
80.000 21.000 52.000
80.500 -61.500 51.000
80.500 -61.000 122.000
80.500 12.500 36.000
80.500 17.500 46.000
80.500 18.500 74.700
81.000 -63.000 67.000
81.000 17.000 87.865
81.000 20.500 59.500
81.000 22.000 51.667
81.500 17.000 73.067
82.000 9.500 56.900
82.000 17.000 60.000
82.000 23.000 90.535
82.000 23.500 85.867
82.500 7.000 51.400
82.500 23.500 99.333
83.000 22.500 59.000
83.500 14.500 56.100
85.500 16.500 44.000
85.500 24.000 73.000
86.000 -59.500 66.000
86.000 23.500 75.000
86.000 24.000 73.000
86.500 22.500 53.590
86.500 23.500 80.651
86.500 24.000 74.789
87.000 23.500 69.000
87.500 23.500 80.072
103.500 -63.500 71.000
104.000 -61.000 63.000
105.500 -64.000 85.000
107.000 -78.500 53.000
108.000 -62.500 68.000
110.000 -64.500 44.000
110.000 -25.500 142.000
110.000 -19.500 50.200
110.500 -16.000 50.200
110.500 -13.500 51.100
111.000 -36.500 39.200
111.000 -29.500 83.700
111.500 -35.000 69.100
111.500 -30.000 75.000
112.000 -15.500 54.800
112.500 -63.500 53.000
112.500 -32.000 64.500
112.500 -20.500 64.000
112.500 -20.000 108.000
112.500 -15.500 41.500
112.500 -10.500 36.400
113.000 -67.000 75.000
113.000 -33.500 40.400
113.000 -27.000 79.000
113.000 -20.500 46.000
113.000 -20.500 49.000
113.000 -19.000 61.100
113.000 -18.000 72.000
113.500 -45.500 19.500
113.500 -28.500 45.000
113.500 -27.500 50.000
113.500 -27.000 60.000
113.500 -24.500 64.000
113.500 -20.000 44.000
114.000 -32.000 41.500
114.000 -29.000 73.000
114.000 -22.500 59.500
114.000 -22.000 49.500
114.000 -21.000 55.000
114.000 -19.500 45.000
114.000 -10.000 15.900
114.500 -41.500 27.200
114.500 -31.500 43.950
114.500 -29.000 49.500
114.500 -26.500 54.850
114.500 -26.000 70.000
114.500 -24.000 70.000
114.500 -23.000 80.000
114.500 -22.000 61.000
114.500 -21.500 52.500
114.500 -20.500 60.000
114.500 -15.000 34.700
114.500 -10.500 39.800
115.000 -32.500 57.500
115.000 -32.000 55.000
115.000 -30.000 57.000
115.000 -29.500 92.568
115.000 -29.000 93.269
115.000 -25.000 55.500
115.000 -21.500 53.500
115.000 -21.000 78.000
115.000 -20.500 65.500
115.000 -20.500 61.000
115.000 -20.000 58.000
115.000 -14.500 42.700
115.500 -34.000 57.000
115.500 -33.500 60.500
115.500 -32.500 60.000
115.500 -32.000 49.333
115.500 -32.000 65.444
115.500 -31.500 65.000
115.500 -31.000 83.833
115.500 -30.500 61.000
115.500 -30.000 80.875
115.500 -29.500 81.667
115.500 -29.000 85.864
115.500 -24.000 70.400
115.500 -21.000 54.750
115.500 -20.500 53.600
115.500 -20.500 55.000
115.500 -20.000 49.500
115.500 -17.500 45.200
115.500 -17.000 43.000
115.500 -16.500 40.000
115.500 -14.000 47.700
115.500 -13.000 44.000
115.500 -12.000 46.900
115.500 -10.000 16.300
116.000 -63.500 49.000
116.000 -63.000 49.000
116.000 -33.000 61.000
116.000 -32.500 78.000
116.000 -32.000 76.500
116.000 -31.500 77.833
116.000 -31.000 63.000
116.000 -30.500 70.000
116.000 -30.000 104.000
116.000 -26.000 55.000
116.000 -21.000 95.000
116.000 -20.500 46.833
116.000 -20.000 57.206
116.000 -19.500 52.000
116.000 -11.500 34.300
116.500 -37.500 61.500
116.500 -20.500 41.500
116.500 -20.000 55.259
116.500 -19.500 60.140
116.500 -19.000 47.000
116.500 -14.500 38.900
116.500 -13.500 46.500
117.000 -43.000 44.400
117.000 -32.000 35.600
117.000 -27.500 52.000
117.000 -21.500 40.300
117.000 -20.000 47.943
117.000 -19.500 62.789
117.000 -18.500 45.000
117.000 -16.500 96.300
117.500 -32.000 51.500
117.500 -19.500 60.067
117.500 -14.000 39.400
118.000 -36.500 62.100
118.000 -36.000 123.000
118.000 -32.000 53.600
118.000 -28.000 54.200
118.000 -27.500 39.350
118.000 -22.500 45.000
118.000 -19.000 61.500
118.000 -17.500 41.900
118.000 -14.500 70.300
118.500 -64.000 51.500
118.500 -43.500 36.000
118.500 -25.000 87.500
118.500 -22.500 36.900
118.500 -19.000 47.000
118.500 -13.500 38.900
118.500 -12.500 48.200
119.000 -37.500 70.500
119.000 -36.000 95.850
119.000 -26.000 49.000
119.000 -18.500 46.000
119.500 -31.500 38.600
119.500 -15.000 60.300
120.000 -54.500 9.000
120.000 -45.500 19.667
120.000 -45.000 3.500
120.000 -44.000 29.700
120.000 -39.000 43.500
120.000 -37.000 75.600
120.000 -33.500 39.700
120.000 -32.500 42.333
120.000 -32.000 39.750
120.000 -23.500 48.116
120.500 -44.000 28.900
120.500 -31.500 40.600
120.500 -27.500 34.467
120.500 -20.000 66.000
120.500 -14.500 64.100
120.500 -11.500 59.050
121.000 -37.000 146.000
121.000 -28.000 26.500
121.000 -20.500 63.000
121.000 -15.000 58.000
121.500 -45.500 46.100
121.500 -37.500 55.800
121.500 -32.000 34.300
121.500 -31.500 34.000
121.500 -31.000 38.145
121.500 -29.000 26.000
121.500 -23.500 84.000
121.500 -19.500 69.500
121.500 -15.000 64.000
122.000 -36.500 36.300
122.000 -32.000 40.975
122.000 -31.500 30.053
122.000 -31.000 32.333
122.000 -20.000 90.000
122.000 -19.500 83.000
122.000 -18.500 84.000
122.000 -18.000 55.000
122.000 -14.500 40.000
122.000 -14.000 74.000
122.500 -43.500 27.000
122.500 -35.500 171.000
122.500 -28.500 39.325
122.500 -20.000 86.000
122.500 -19.500 95.250
122.500 -18.500 98.000
122.500 -18.000 70.500
122.500 -17.000 63.000
122.500 -16.500 55.500
122.500 -14.500 60.000
122.500 -13.500 64.000
122.500 -11.000 87.600
123.000 -54.500 35.000
123.000 -32.000 28.900
123.000 -24.500 72.000
123.000 -21.500 64.500
123.000 -21.000 52.000
123.000 -19.500 62.000
123.000 -18.500 81.333
123.000 -18.000 51.500
123.000 -17.000 52.667
123.000 -16.500 55.000
123.500 -45.500 19.000
123.500 -37.000 69.200
123.500 -21.000 69.000
123.500 -20.500 65.000
123.500 -18.500 123.000
123.500 -18.000 99.000
123.500 -17.000 59.667
123.500 -15.500 30.000
123.500 -14.500 51.000
123.500 -14.500 51.000
123.500 -14.000 52.000
123.500 -13.500 52.000
123.500 -11.500 50.000
124.000 -43.500 31.000
124.000 -20.500 68.000
124.000 -19.500 93.000
124.000 -19.000 74.333
124.000 -18.500 73.000
124.000 -17.500 56.667
124.000 -17.000 64.000
124.000 -14.000 59.500
124.000 -13.500 53.000
124.000 -13.000 63.000
124.000 -12.500 59.000
124.500 -37.000 82.100
124.500 -25.000 52.000
124.500 -24.000 54.000
124.500 -18.500 71.000
124.500 -18.000 64.500
124.500 -17.500 58.889
124.500 -17.000 69.500
124.500 -13.000 59.000
124.500 -12.500 55.000
124.500 -12.000 54.000
124.500 -11.500 43.500
125.000 -22.500 60.000
125.000 -20.000 102.000
125.000 -19.500 50.500
125.000 -18.500 52.000
125.000 -18.000 65.025
125.000 -13.000 50.000
125.000 -12.500 58.000
125.000 -11.500 61.333
125.500 -74.000 50.000
125.500 -54.500 30.000
125.500 -45.000 19.000
125.500 -27.000 38.000
125.500 -20.000 89.200
125.500 -19.500 74.500
125.500 -19.000 64.900
125.500 -12.500 57.000
125.500 -11.000 43.000
126.000 -45.000 36.000
126.000 -26.500 36.000
126.000 -26.000 54.500
126.000 -26.000 46.000
126.000 -23.500 63.000
126.000 -19.000 60.000
126.000 -18.500 71.750
126.000 -18.000 83.000
126.000 -10.500 51.000
126.500 -43.500 23.000
126.500 -37.000 73.500
126.500 -35.000 163.000
126.500 -27.000 58.000
126.500 -20.500 72.000
126.500 -13.000 58.500
126.500 -12.000 58.000
126.500 -11.000 68.000
127.000 -36.000 43.000
127.000 -20.000 58.000
127.000 -19.500 60.500
127.000 -13.000 60.000
127.000 -11.000 58.000
127.000 -10.500 60.000
127.500 -37.000 72.000
127.500 -35.000 54.000
127.500 -22.500 67.000
127.500 -20.500 56.000
127.500 -20.000 59.350
127.500 -10.500 53.000
128.000 -65.000 16.000
128.000 -64.000 57.500
128.000 -43.500 34.000
128.000 -33.500 48.000
128.000 -21.500 67.000
128.000 -21.000 72.500
128.000 -19.500 45.800
128.000 -18.500 25.600
128.000 -13.000 49.000
128.500 -34.500 96.600
128.500 -26.500 75.000
128.500 -14.500 43.000
128.500 -14.000 49.000
128.500 -13.500 55.000
128.500 -13.000 61.500
128.500 -12.000 66.000
129.000 -37.000 84.300
129.000 -31.500 52.000
129.000 -31.000 62.000
129.000 -20.000 43.000
129.000 -15.500 110.000
129.000 -15.000 79.333
129.000 -14.500 56.000
129.000 -14.500 48.000
129.500 -31.500 53.000
129.500 -26.000 70.000
129.500 -15.000 94.500
129.500 -14.500 52.000
129.500 -14.500 78.000
129.500 -10.000 60.000
130.000 -51.000 33.000
130.000 -46.000 36.667
130.000 -31.500 62.500
130.000 -31.000 65.000
130.000 -20.000 34.400
130.000 -14.500 92.000
130.500 -64.500 69.500
130.500 -63.500 70.000
131.000 -33.500 49.000
131.000 -32.000 52.000
131.000 -13.000 73.771
131.500 -37.000 47.000
131.500 -13.500 76.000
131.500 -13.000 79.496
132.000 -56.000 24.000
132.000 -30.500 54.392
132.000 -29.000 64.000
132.000 -28.500 61.000
132.000 -22.500 55.800
132.500 -49.500 54.400
132.500 -28.500 68.000
132.500 -28.000 59.500
132.500 -14.500 69.500
132.500 -10.000 60.000
133.000 -45.000 5.000
133.000 -15.000 86.000
133.000 -12.000 86.400
133.500 -65.000 88.000
133.500 -27.000 77.000
133.500 -20.000 96.000
133.500 -10.500 50.500
134.000 -56.000 13.000
134.000 -44.000 28.000
134.000 -37.500 48.200
134.000 -33.500 50.000
134.000 -28.500 103.000
134.000 -27.500 87.600
134.000 -27.000 79.638
134.000 -24.000 61.900
134.000 -20.500 100.000
134.000 -20.000 90.000
134.000 -19.500 128.860
134.000 -17.500 85.000
134.000 -16.500 51.500
134.000 -16.000 77.000
134.000 -15.000 85.400
134.000 -14.500 98.000
134.000 -14.500 108.000
134.000 -10.500 39.000
134.500 -43.500 54.000
134.500 -31.000 49.371
134.500 -28.000 93.000
134.500 -27.500 68.000
134.500 -20.000 87.800
134.500 -16.000 76.000
134.500 -14.500 71.000
135.000 -35.500 46.000
135.000 -15.000 76.500
135.500 -38.000 156.000
135.500 -33.000 57.739
135.500 -29.500 112.000
135.500 -22.000 119.333
135.500 -19.500 75.300
135.500 -16.000 73.000
136.000 -36.000 61.000
136.000 -22.500 27.000
136.000 -22.000 114.500
136.000 -16.500 68.525
136.500 -62.500 46.000
136.500 -21.500 85.000
136.500 -18.500 95.000
136.500 -16.500 78.200
137.000 -62.500 56.000
137.000 -31.000 93.829
137.000 -30.500 106.956
137.000 -30.000 65.500
137.000 -23.000 106.000
137.000 -22.500 119.000
137.500 -33.000 90.400
137.500 -32.500 108.800
137.500 -32.000 84.000
137.500 -31.500 92.000
137.500 -31.000 76.833
137.500 -30.500 96.580
138.000 -34.500 95.333
138.000 -34.000 76.317
138.000 -32.500 97.000
138.000 -32.000 86.250
138.000 -32.000 77.000
138.000 -22.500 84.000
138.000 -21.500 62.000
138.000 -20.500 56.000
138.000 -20.000 48.100
138.500 -34.500 85.500
138.500 -34.000 75.000
138.500 -33.500 82.000
138.500 -32.500 92.048
138.500 -32.000 82.000
138.500 -31.500 97.000
138.500 -31.000 97.100
138.500 -30.500 96.400
138.500 -23.000 95.000
139.000 -35.000 87.864
139.000 -34.500 85.000
139.000 -23.500 76.500
139.000 -22.500 69.000
139.000 -21.000 75.300
139.500 -37.500 51.000
139.500 -35.500 89.150
139.500 -35.000 84.750
139.500 -34.500 73.333
139.500 -33.000 63.150
139.500 -30.500 100.416
139.500 -20.500 84.223
140.000 -37.500 52.000
140.000 -37.500 71.143
140.000 -36.000 74.900
140.000 -35.500 67.900
140.000 -34.500 78.333
140.000 -32.000 91.500
140.000 -31.500 79.000
140.000 -30.500 110.000
140.000 -30.000 125.520
140.000 -28.000 105.263
140.000 -27.500 93.625
140.000 -20.500 74.067
140.500 -37.500 63.667
140.500 -37.500 82.579
140.500 -37.000 84.025
140.500 -36.500 41.900
140.500 -34.500 75.667
140.500 -32.500 75.300
140.500 -29.000 97.000
140.500 -28.500 119.000
140.500 -28.000 102.481
140.500 -27.500 88.670
140.500 -21.500 81.850
140.500 -20.500 72.000
141.000 -38.000 48.000
141.000 -37.500 68.780
141.000 -37.500 72.640
141.000 -36.500 75.467
141.000 -36.000 73.300
141.000 -35.500 63.600
141.000 -33.500 54.667
141.000 -32.000 67.362
141.000 -28.500 107.100
141.000 -28.000 90.550
141.000 -27.500 94.367
141.000 -18.500 48.500
141.500 -38.500 46.000
141.500 -38.000 62.640
141.500 -35.500 90.000
141.500 -34.000 61.000
141.500 -33.000 72.000
141.500 -32.000 78.706
141.500 -27.500 101.000
141.500 -26.000 115.000
141.500 -20.000 107.500
142.000 -38.000 63.457
142.000 -37.500 54.400
142.000 -37.000 89.900
142.000 -33.000 56.000
142.000 -31.500 65.000
142.000 -31.000 66.000
142.000 -28.000 85.000
142.000 -27.500 116.200
142.000 -27.000 101.000
142.000 -25.500 103.000
142.000 -13.000 120.000
142.500 -38.000 70.600
142.500 -36.500 97.000
142.500 -32.000 53.000
142.500 -31.500 57.000
142.500 -27.500 67.000
142.500 -26.500 112.000
142.500 -13.000 120.000
143.000 -39.000 64.333
143.000 -38.500 62.616
143.000 -38.000 64.200
143.000 -37.000 102.900
143.000 -34.500 120.000
143.000 -32.000 67.000
143.500 -39.000 58.000
143.500 -38.500 75.500
143.500 -38.000 82.200
143.500 -34.500 65.000
143.500 -32.000 58.667
143.500 -31.500 61.000
143.500 -28.500 140.000
143.500 -28.000 130.000
143.500 -25.500 88.000
143.500 -18.000 77.200
143.500 -16.500 77.000
144.000 -38.500 52.000
144.000 -38.000 76.286
144.000 -32.000 120.000
144.000 -32.000 135.000
144.000 -26.500 90.000
144.500 -38.000 75.200
144.500 -37.000 98.750
144.500 -35.000 15.000
144.500 -32.500 79.150
145.000 -65.000 56.000
145.000 -43.000 84.000
145.000 -42.500 57.000
145.000 -39.500 67.000
145.000 -38.000 65.700
145.000 -37.500 77.200
145.000 -33.000 90.000
145.500 -41.000 83.000
145.500 -39.500 59.000
145.500 -38.000 61.750
145.500 -34.500 75.000
145.500 -26.000 85.000
145.500 -20.500 113.000
145.500 -17.500 99.800
146.000 -43.000 57.100
146.000 -42.000 97.200
146.000 -40.500 75.000
146.000 -40.000 54.250
146.000 -38.500 56.500
146.000 -38.000 70.167
146.000 -36.000 73.000
146.000 -35.500 54.500
146.000 -35.000 82.000
146.000 -31.500 87.957
146.000 -23.500 60.000
146.000 -21.000 61.000
146.000 -20.500 76.550
146.000 -14.500 48.500
146.000 -14.000 52.000
146.000 -13.500 86.000
146.500 -40.000 56.000
146.500 -38.000 78.500
146.500 -32.000 67.200
146.500 -16.500 93.000
146.500 -16.000 54.500
146.500 -15.500 52.667
146.500 -15.000 81.900
146.500 -14.500 51.500
146.500 -13.000 66.200
147.000 -42.000 84.779
147.000 -41.500 72.000
147.000 -41.000 86.000
147.000 -40.000 56.000
147.000 -38.500 80.667
147.000 -38.000 69.750
147.000 -37.500 76.000
147.000 -34.500 99.150
147.000 -31.500 66.333
147.000 -16.500 44.200
147.000 -16.000 56.100
147.000 -15.000 99.700
147.000 -14.500 76.600
147.000 -13.500 74.100
147.500 -43.000 78.175
147.500 -42.500 73.000
147.500 -42.000 92.000
147.500 -41.500 70.000
147.500 -41.000 69.667
147.500 -40.500 53.000
147.500 -38.500 61.000
147.500 -38.000 65.111
147.500 -34.000 50.000
147.500 -33.500 44.500
147.500 -17.500 64.550
147.500 -17.000 65.000
148.000 -43.000 80.000
148.000 -42.500 92.000
148.000 -42.000 104.665
148.000 -41.500 90.000
148.000 -38.500 68.667
148.000 -38.000 67.000
148.000 -37.500 87.000
148.000 -37.000 73.000
148.000 -32.000 43.500
148.000 -28.000 85.000
148.000 -20.500 52.700
148.000 -14.500 66.600
148.500 -42.500 94.000
148.500 -42.000 91.000
148.500 -41.500 106.000
148.500 -38.500 68.000
148.500 -38.000 63.960
148.500 -36.500 87.607
148.500 -36.000 73.200
148.500 -22.000 77.667
148.500 -15.000 66.600
148.500 -12.000 63.600
149.000 -38.500 49.750
149.000 -38.000 65.400
149.000 -36.500 83.700
149.000 -35.000 70.350
149.000 -28.000 85.000
149.000 -27.500 85.786
149.000 -22.500 64.500
149.000 -15.500 67.800
149.000 -14.500 65.300
149.500 -37.500 82.200
149.500 -35.500 86.372
149.500 -35.000 59.800
149.500 -29.000 80.000
149.500 -28.500 80.000
149.500 -28.000 80.833
149.500 -27.500 83.343
149.500 -27.000 85.333
149.500 -26.500 100.000
149.500 -14.000 75.400
150.000 -35.500 57.750
150.000 -35.000 79.750
150.000 -33.500 62.830
150.000 -27.500 64.500
150.000 -24.000 56.900
150.000 -20.500 71.000
150.000 -13.500 75.400
150.500 -36.500 46.640
150.500 -36.000 53.555
150.500 -27.500 46.467
150.500 -26.000 55.200
150.500 -26.000 62.000
150.500 -25.500 55.650
150.500 -23.500 45.550
150.500 -13.000 64.800
150.500 -11.500 52.300
151.000 -34.500 79.964
151.000 -34.000 87.932
151.000 -32.000 50.254
151.000 -30.000 78.000
151.000 -23.500 62.300
151.000 -12.500 60.700
151.000 -11.000 35.200
151.500 -34.000 70.833
151.500 -27.500 48.000
152.000 -26.000 82.500
152.000 -26.000 76.000
152.000 -14.000 68.200
152.500 -39.000 79.600
152.500 -26.500 37.500
152.500 -26.000 67.000
152.500 -16.000 82.100
153.000 -33.500 40.000
153.000 -28.500 40.000
153.000 -28.000 85.000
153.000 -27.500 55.850
153.000 -26.000 68.000
153.000 -17.500 62.000
153.000 -14.000 95.000
153.500 -29.500 44.000
154.000 -32.000 54.000
154.000 -15.500 79.100
154.000 -14.000 72.000
154.000 -12.500 76.200
154.500 -32.000 64.500
154.500 -14.500 57.200
155.000 -31.500 54.400
155.000 -15.500 62.800
155.500 -32.000 48.000
156.000 -27.000 51.800
156.000 -14.500 43.500
156.500 -31.500 47.300
157.000 -32.000 55.000
157.000 -31.500 57.200
158.000 -41.000 69.100
158.000 -26.000 33.500
158.000 -14.500 67.000
158.000 -13.500 83.500
158.500 -32.000 49.000
158.500 -11.500 56.100
159.000 -76.000 27.000
159.000 -27.500 39.600
159.000 -12.500 55.200
159.500 -33.000 100.000
159.500 -28.500 3.800
161.000 -75.500 25.000
161.500 -77.500 142.000
161.500 -75.500 50.000
162.000 -77.500 86.000
163.000 -78.000 100.000
163.500 -78.000 111.000
164.000 -77.000 55.000
164.500 -78.000 70.000
164.500 -77.500 73.000
164.500 -77.000 80.000
165.000 -76.000 93.900
165.500 -78.000 81.500
165.500 -76.000 96.333
165.500 -75.000 51.000
166.000 -75.000 123.000
167.000 -78.000 116.494
167.000 -77.000 117.000
167.500 -78.000 115.000
168.000 -76.000 135.000
168.000 -74.500 143.000
168.500 -74.500 73.300
169.000 -58.000 44.000
170.000 -64.500 113.000
170.000 -64.000 116.000
170.000 -63.000 106.000
170.500 -62.500 87.000
170.500 -61.500 59.000
170.500 -61.000 95.000
170.500 -61.000 89.000
177.000 -77.500 73.000
178.500 -77.500 111.000
178.500 -63.000 34.000
179.000 -77.500 117.000
179.500 -77.500 119.000
180.000 -77.000 114.000
180.000 -51.000 53.000
180.000 90.000 1.000
